Projet programmation 3eme annee (DATA)
ncols         1161
nrows         1081
xllcorner     89500
yllcorner     6039500
cellsize      1000
NODATA_value  -9999
[rows 141 to 187 of 203, columns 576 to 671 of 1161]
30 38 39 38 44 33 32 33 37 51 33 70 56 38 73 75 79 89 86 88 84 81 80 77 81 64 86 78 86 58 49 63 67 75 84 74 89 97 106 104 106 107 111 114 108 101 118 92 73 87 75 95 96 106 108 129 117 121 126 132 100 91 93 86 117 112 133 118 144 142 135 110 125 125 85 104 135 141 94 115 139 146 145 154 150 148 131 120 107 108 111 113 114 114 117 121
41 65 61 48 75 68 72 62 56 35 35 69 64 78 66 71 43 69 74 77 80 78 81 76 74 71 69 59 77 50 50 49 55 64 93 93 91 92 101 101 100 104 107 103 109 79 98 80 75 98 109 112 118 117 132 110 107 92 100 94 89 91 90 105 103 108 128 129 116 100 99 112 129 144 88 136 143 142 144 96 98 98 144 102 104 105 105 116 118 143 142 156 122 149 133 169
92 81 67 87 63 87 57 75 78 54 50 79 81 58 84 65 78 81 77 54 79 78 76 74 76 77 58 63 63 50 70 68 77 62 65 74 93 95 95 89 95 101 102 107 111 78 75 76 94 92 88 94 102 109 108 105 95 89 92 100 95 108 104 129 111 130 137 100 118 111 134 123 139 86 91 137 150 151 150 134 130 100 107 136 144 148 118 162 162 171 171 171 160 172 182 191
101 96 94 90 87 86 78 84 76 78 80 68 80 79 84 77 78 80 77 79 62 77 75 81 78 77 84 75 65 49 73 83 82 82 93 89 78 85 94 91 81 99 91 104 108 90 84 96 116 105 100 116 115 120 107 119 101 78 99 131 116 111 106 103 111 122 97 101 85 110 114 108 93 79 113 103 106 125 151 139 147 136 125 151 155 155 121 161 155 164 172 178 176 157 172 187
103 103 102 100 95 76 93 91 88 85 78 88 89 89 86 73 76 81 82 82 82 77 81 82 82 81 76 77 61 56 79 74 74 81 81 82 87 87 94 66 88 68 94 95 102 69 76 83 116 116 112 116 117 125 106 100 82 77 102 112 116 128 94 102 127 98 106 88 109 105 103 79 77 129 133 136 136 141 129 152 153 146 145 143 153 158 151 134 161 166 176 177 180 184 171 182
97 101 99 94 90 93 92 93 93 93 72 90 91 91 90 89 79 85 82 81 82 81 82 80 74 70 74 58 56 49 54 76 79 82 74 83 84 88 93 77 63 63 73 94 71 81 98 126 131 118 109 119 111 112 88 105 88 78 112 91 110 108 82 113 120 96 88 106 118 87 75 78 131 110 138 135 142 146 135 145 138 138 151 155 156 155 154 154 160 165 172 172 175 183 185 186
97 99 97 95 93 91 93 91 88 91 88 93 92 90 86 88 91 89 89 86 85 84 83 86 69 74 71 79 65 57 58 73 57 66 66 77 58 59 61 83 96 96 95 73 97 96 117 110 115 112 114 110 102 87 89 106 96 83 77 117 110 79 88 92 121 109 83 95 110 74 86 93 98 124 136 119 104 139 133 133 143 148 143 144 138 150 151 158 164 163 171 179 176 179 186 162
97 96 98 97 95 81 89 89 90 87 85 89 90 87 85 90 90 88 92 88 86 81 82 79 82 80 69 86 72 49 79 54 79 80 78 89 89 70 76 89 86 92 94 93 96 106 120 108 105 110 116 113 110 86 78 96 75 74 74 74 79 98 122 108 100 114 72 98 135 70 84 112 93 137 100 95 131 114 127 124 110 124 131 133 130 135 152 156 157 160 169 180 180 181 158 169
88 96 97 95 90 65 90 79 89 84 85 86 91 90 87 93 101 99 92 88 85 86 86 80 79 89 97 75 78 49 73 80 76 84 86 86 86 89 90 89 89 93 90 90 94 97 96 95 103 110 116 110 90 90 83 74 90 103 98 105 104 96 121 121 87 75 88 102 103 73 94 118 119 108 120 84 105 113 113 126 102 135 114 151 152 151 143 138 161 161 174 173 180 144 149 174
53 68 51 52 51 56 69 67 81 85 88 90 89 92 92 105 110 106 94 87 84 85 82 86 81 87 95 103 75 52 63 77 81 77 83 83 82 86 84 88 93 92 93 93 94 87 96 102 103 106 95 106 78 69 83 93 83 96 106 112 115 106 94 84 87 71 105 110 70 74 102 106 91 118 79 100 119 129 107 96 124 103 139 134 135 148 153 135 155 154 161 166 176 139 166 180
48 57 87 77 85 76 88 84 59 91 86 91 93 89 89 92 100 102 104 101 101 95 87 91 84 89 87 83 90 72 59 53 62 86 69 77 81 84 82 89 89 88 87 92 93 98 101 100 88 100 90 91 69 75 102 114 107 113 118 104 118 121 117 108 79 78 97 69 68 93 81 76 76 79 82 100 120 124 88 124 126 101 100 133 127 141 142 133 148 135 153 162 153 120 168 154
91 66 100 94 89 82 91 86 70 86 85 91 91 91 88 89 93 89 91 94 88 87 86 85 84 85 87 83 79 68 80 55 57 65 80 79 80 83 74 81 85 84 83 83 91 96 97 95 93 94 97 69 98 79 74 85 108 103 108 116 110 99 119 108 99 72 70 68 68 82 92 94 115 105 106 107 124 98 84 86 136 102 106 128 115 141 143 146 144 145 146 145 108 134 111 130
99 90 96 94 91 65 94 94 83 90 81 84 81 90 85 87 91 90 85 89 85 86 88 88 87 88 84 80 80 76 77 53 71 74 80 78 81 81 70 84 72 81 86 92 90 92 89 91 87 88 69 68 74 77 99 103 105 102 108 108 93 102 84 114 109 64 65 69 100 115 136 125 111 113 115 133 131 104 106 76 93 97 91 100 129 124 147 123 134 109 119 99 120 133 150 168
103 93 99 97 96 91 84 96 88 96 94 94 95 85 89 85 90 89 79 85 82 82 88 85 82 83 80 74 73 67 60 73 54 64 73 75 78 74 78 62 63 83 86 93 87 92 101 100 90 76 95 97 97 99 98 94 110 110 107 100 83 94 92 109 83 63 65 74 80 89 122 133 140 134 105 120 110 109 111 80 94 98 104 109 131 140 140 135 151 141 149 99 130 165 165 167
101 98 97 95 85 93 85 96 93 91 92 96 95 92 89 89 89 87 89 86 85 81 84 80 84 82 74 69 77 79 77 73 54 67 74 71 74 74 64 74 81 87 87 94 91 79 91 91 79 69 91 99 90 95 104 109 113 105 99 97 100 80 66 66 62 64 87 116 100 117 127 106 114 110 92 120 94 115 85 72 97 113 112 129 107 128 139 135 136 140 134 133 88 99 107 96
101 101 103 100 97 92 95 97 97 96 96 94 97 97 95 90 85 91 88 84 84 81 68 73 75 80 78 79 77 75 56 63 68 55 69 71 69 71 77 81 79 88 89 84 85 88 84 80 69 70 84 89 97 96 110 103 102 112 107 108 107 83 59 60 63 69 85 102 108 121 124 108 106 87 86 125 87 101 69 88 77 99 126 131 106 105 142 117 130 137 146 148 86 120 144 148
98 104 97 99 101 100 97 103 97 98 98 101 94 90 91 94 90 92 90 88 88 87 88 86 76 82 80 79 77 73 62 73 73 67 54 65 67 73 75 76 80 82 88 80 79 77 76 65 83 88 85 95 89 92 104 90 113 116 99 92 73 63 60 72 73 94 87 80 97 104 119 105 84 74 116 90 80 71 76 107 119 95 110 116 114 103 117 122 117 109 134 112 93 136 136 141
88 73 104 102 102 102 102 103 103 102 102 103 100 100 100 100 94 89 85 86 86 79 75 68 81 75 78 63 76 65 59 75 74 72 65 53 58 68 71 72 75 75 75 81 82 64 72 80 78 80 86 86 79 88 83 98 108 98 104 95 73 59 64 104 91 103 108 107 114 116 108 114 100 69 101 87 64 90 73 89 104 117 108 130 110 118 94 109 98 103 81 80 122 151 152 155
57 106 98 106 104 106 104 105 104 102 100 102 102 101 104 98 91 93 92 91 88 85 85 84 78 83 70 76 69 74 71 70 68 64 64 67 60 59 59 59 62 62 64 68 80 71 80 72 76 86 77 76 83 78 88 91 96 80 84 93 58 58 78 106 109 102 96 107 111 99 85 84 111 89 76 63 100 113 127 126 127 120 133 104 103 103 109 107 79 78 77 80 104 113 130 153
67 97 107 108 107 104 103 102 99 98 98 98 101 101 100 93 90 86 91 91 91 93 90 93 88 89 84 81 76 74 67 60 60 64 67 67 60 65 66 66 63 70 71 67 65 65 65 65 64 66 67 73 71 80 80 87 82 81 69 71 58 57 104 97 75 88 109 121 111 116 107 77 94 95 60 67 96 122 101 112 100 115 138 109 105 113 91 76 77 86 105 119 90 83 88 98
48 76 95 104 109 104 89 95 97 100 98 97 101 100 94 95 98 93 86 91 92 93 94 93 92 87 86 87 81 66 71 59 60 63 65 66 63 59 62 69 64 63 73 73 67 70 65 70 69 66 72 73 80 88 101 99 98 82 77 73 55 65 81 71 72 82 107 114 110 89 81 73 90 80 76 115 113 88 109 123 123 126 136 102 108 91 74 74 84 123 127 122 115 129 137 103
42 51 52 107 104 106 104 75 101 99 101 95 95 100 98 100 92 87 80 89 91 95 93 94 93 88 87 80 83 77 64 60 60 66 70 70 62 59 62 66 66 65 71 73 71 66 69 69 68 67 68 72 80 80 77 93 83 82 85 87 54 54 84 64 74 102 89 94 108 98 103 66 91 60 99 105 91 107 108 112 107 118 122 107 91 71 71 87 107 128 127 125 138 134 133 136
53 61 47 48 69 77 71 103 101 100 95 97 98 93 96 94 88 81 76 82 88 92 94 94 91 88 84 85 73 82 77 63 62 65 79 68 63 62 62 65 69 69 73 71 72 69 70 71 72 70 70 77 72 65 71 86 82 75 93 86 51 53 67 79 108 97 73 81 83 89 71 88 60 60 96 63 93 108 127 120 102 115 83 93 69 69 85 106 99 109 104 99 108 126 132 131
77 53 96 74 83 49 54 53 102 96 95 94 94 88 94 90 94 91 84 86 93 93 92 93 88 83 79 77 84 73 69 67 64 65 67 69 65 64 67 70 71 76 74 74 74 84 83 84 86 84 77 82 73 68 63 84 75 74 72 90 72 52 57 96 92 79 72 58 58 57 55 54 56 58 60 58 84 99 82 91 70 87 95 82 67 68 69 73 77 88 97 86 104 113 120 124
71 73 110 100 71 103 94 58 66 77 59 74 89 81 67 63 72 71 77 69 86 84 95 94 93 93 92 83 76 72 72 69 68 68 80 74 69 66 81 88 89 81 76 91 86 90 98 104 111 105 89 91 77 71 62 61 74 68 70 70 73 51 54 70 59 58 55 55 53 53 53 55 61 59 58 58 58 58 60 62 63 77 82 68 66 68 68 67 69 76 83 92 103 103 109 119
50 73 102 96 99 102 100 102 99 96 65 97 95 80 92 83 89 85 85 83 82 71 87 89 85 85 95 103 95 85 73 69 75 74 82 88 78 83 89 90 88 89 83 96 100 112 116 104 93 85 75 68 65 67 64 56 78 81 63 74 52 50 52 53 54 53 55 67 73 64 78 73 65 74 68 71 70 69 59 60 62 64 63 64 64 82 94 87 69 71 82 74 77 86 83 95
49 110 109 106 107 107 107 106 103 94 89 84 96 88 100 97 82 81 87 87 84 82 74 81 80 94 98 100 95 95 90 91 93 86 91 95 87 91 91 80 94 85 101 99 122 109 86 87 78 100 85 81 92 80 85 60 73 70 63 65 50 50 55 54 57 58 65 70 74 78 103 70 59 72 79 77 66 62 73 86 76 71 81 63 78 102 99 86 75 75 70 79 80 85 95 93
66 71 113 109 91 103 109 107 106 102 84 100 97 96 92 90 86 85 89 84 79 82 81 74 80 83 82 89 94 93 74 72 83 102 104 74 81 80 63 77 71 75 90 103 110 106 68 64 62 86 85 93 92 70 68 64 58 62 57 56 50 50 67 59 52 54 71 66 76 86 82 76 61 75 81 76 81 78 67 89 79 97 110 64 65 71 84 88 91 91 69 69 77 82 88 85
91 68 58 95 106 108 102 108 103 104 83 93 99 95 95 93 94 91 87 80 85 82 79 80 79 81 92 93 86 86 80 70 64 96 82 71 82 55 74 93 95 92 78 139 116 103 90 94 72 63 69 84 96 67 60 55 54 56 55 53 50 52 61 67 77 53 62 71 77 88 72 64 70 67 81 82 80 67 66 81 91 88 65 71 74 69 81 95 94 86 69 69 69 70 80 89
99 85 61 99 97 100 103 106 103 99 98 96 94 98 95 99 95 89 85 85 84 81 81 79 77 84 92 79 68 77 68 58 68 97 71 70 53 76 70 62 72 95 103 104 169 117 102 82 98 82 77 83 85 67 54 50 50 48 48 48 49 80 59 100 77 58 64 65 73 72 72 70 65 80 79 69 65 70 77 87 79 78 64 87 85 76 71 89 92 76 78 69 68 70 74 83
96 88 63 88 93 99 101 100 103 99 93 94 102 106 95 101 95 94 89 89 87 91 84 81 78 86 70 64 60 55 54 72 86 73 66 49 53 60 74 88 91 74 88 154 153 91 87 99 88 87 86 63 63 56 49 47 47 48 49 48 49 88 78 95 89 60 79 65 69 73 68 71 67 73 74 73 78 79 87 81 85 64 72 78 84 74 78 90 83 79 75 70 69 69 71 81
93 91 63 92 91 90 99 100 97 99 100 98 97 109 102 107 100 94 93 96 89 83 83 81 82 91 74 71 68 61 49 55 65 59 51 58 71 82 91 94 111 94 176 138 90 102 64 71 93 69 69 62 56 46 47 45 45 49 48 48 50 77 92 102 88 67 59 60 63 76 77 75 75 77 78 69 91 89 83 79 67 69 71 71 80 84 84 72 85 85 77 71 69 69 69 73
93 92 68 80 91 91 93 93 89 96 107 110 109 112 106 94 91 84 80 97 84 91 89 94 93 97 82 98 88 71 54 53 45 46 72 75 97 96 147 150 178 181 101 102 74 79 82 81 65 55 56 44 45 45 46 48 49 49 48 49 80 70 105 96 82 110 80 66 69 176 88 85 82 79 76 77 84 86 68 68 69 76 80 78 82 91 77 81 81 90 90 73 69 76 73 72
94 95 78 88 80 75 90 89 92 92 96 105 152 108 101 101 103 87 78 80 77 89 97 91 96 118 122 149 87 72 74 56 66 45 65 81 154 176 122 105 164 103 88 63 74 62 63 55 57 45 45 44 45 45 46 87 81 87 80 58 91 77 79 101 84 85 73 122 82 100 116 89 78 78 83 79 83 74 73 81 69 81 84 84 89 89 91 88 85 93 79 72 72 74 75 72
106 91 68 88 87 79 88 94 106 103 108 113 102 115 105 91 77 79 86 77 83 90 79 78 68 97 93 106 97 88 90 66 57 44 65 112 121 159 167 127 84 73 64 56 56 59 56 46 44 43 43 44 44 66 94 110 94 110 82 74 146 98 143 118 138 105 106 139 100 93 103 87 84 91 94 92 82 80 72 79 69 74 73 72 77 83 89 96 91 84 76 72 72 76 81 72
110 93 92 93 93 93 91 91 112 114 111 111 99 98 100 85 74 76 66 77 80 81 69 65 67 55 67 86 77 92 128 76 61 45 73 65 151 93 105 74 148 87 51 52 49 44 43 44 42 44 44 51 73 74 82 77 76 89 61 74 96 174 187 154 179 92 162 185 171 160 178 175 92 87 86 82 79 76 75 79 76 70 75 73 81 82 86 85 80 75 73 73 75 74 72 76
118 97 87 92 95 95 91 85 102 95 102 102 103 90 86 76 74 65 80 94 85 76 70 79 76 71 55 70 80 91 111 103 74 45 64 77 160 75 68 53 73 64 54 42 41 40 41 40 42 45 66 67 67 63 64 67 74 90 69 148 173 192 187 184 172 189 170 149 176 113 112 125 101 87 85 86 77 79 82 75 77 77 68 73 78 74 79 74 73 73 75 74 74 75 73 73
116 99 96 95 94 90 92 91 91 91 95 97 104 92 74 72 70 79 99 103 89 83 79 98 86 74 72 83 133 129 102 149 88 50 40 48 51 52 38 38 39 38 39 39 39 40 40 40 42 47 61 54 61 64 67 71 84 85 73 139 153 171 170 165 184 199 196 195 132 123 124 111 99 88 82 84 77 79 84 80 77 77 78 72 70 73 73 72 74 76 78 80 79 84 78 75
116 103 99 97 94 94 94 90 93 98 96 96 85 85 91 71 65 98 118 134 141 132 122 119 91 66 59 56 87 69 68 63 75 43 37 38 41 39 37 37 39 39 44 58 55 45 48 42 43 42 53 61 60 60 70 75 95 137 118 148 164 103 154 171 179 193 186 125 187 127 117 111 90 88 82 80 74 80 148 133 82 72 74 73 73 73 75 75 76 77 81 83 87 83 78 86
121 114 126 109 100 99 99 99 97 95 101 97 78 107 95 92 63 78 162 115 170 149 127 86 82 87 78 69 59 68 47 59 41 37 37 39 38 38 38 40 43 42 56 62 59 60 47 52 51 44 44 45 57 62 65 107 130 160 158 145 132 159 147 180 205 183 173 152 116 170 106 96 86 76 74 70 68 85 105 123 69 67 68 69 71 73 75 78 84 82 84 87 89 87 82 83
119 122 137 108 110 112 117 121 123 120 112 88 86 108 77 86 60 122 96 84 180 186 154 122 155 154 141 76 108 64 98 44 37 40 44 44 39 39 42 51 56 49 53 56 70 56 59 57 55 54 44 45 55 60 70 97 127 148 111 169 170 162 193 160 148 166 147 115 104 99 93 71 70 85 71 65 68 68 69 67 66 66 68 70 73 75 78 81 86 98 91 92 91 96 89 86
120 105 111 117 109 110 109 114 120 129 122 112 88 81 66 69 54 97 85 83 167 159 154 165 178 165 128 160 164 109 67 38 36 46 50 57 53 53 50 52 56 56 59 52 62 56 69 66 59 56 46 53 44 57 54 69 131 75 147 126 155 168 169 172 103 147 181 158 94 104 68 74 115 185 81 68 64 65 65 65 67 70 74 74 77 77 82 88 95 104 188 135 94 109 115 93
107 111 129 111 106 103 103 98 114 115 111 125 127 97 75 73 54 79 60 131 172 76 93 175 149 152 177 138 111 81 55 39 39 40 39 44 51 54 45 59 79 77 71 59 59 54 58 64 59 51 56 58 49 45 56 52 57 63 74 141 161 117 165 171 89 182 146 94 101 82 143 186 179 126 87 66 63 62 63 66 71 78 80 135 93 90 97 152 187 100 186 121 100 118 125 149
110 81 125 105 103 102 101 97 94 96 120 74 84 102 89 70 55 60 58 67 80 70 109 82 153 114 118 141 60 51 53 36 34 41 44 47 53 57 66 59 95 148 102 63 74 57 61 57 53 54 60 60 52 51 45 58 58 84 95 118 121 156 92 147 92 162 159 82 94 89 174 116 174 102 75 63 62 62 64 69 74 81 138 147 168 122 163 192 170 112 147 127 129 176 199 121
117 94 73 97 88 98 87 96 96 92 58 106 105 88 113 78 70 54 56 59 54 42 61 109 159 143 95 128 69 44 44 35 37 46 50 54 64 71 92 109 94 144 85 136 81 78 70 68 62 61 97 125 126 81 50 50 55 57 63 91 123 76 78 127 93 93 90 88 62 85 91 103 99 89 75 61 62 61 67 73 117 111 109 130 150 188 148 106 149 195 207 136 146 190 200 113
115 113 106 97 65 70 89 88 90 81 83 93 76 108 115 91 69 110 87 64 71 56 40 65 72 138 105 66 42 38 37 35 37 41 44 53 73 132 147 92 126 155 157 140 73 75 130 77 95 120 116 146 77 132 129 49 50 57 59 63 65 71 72 70 88 75 75 61 58 59 79 83 81 68 61 73 90 69 74 103 166 192 128 182 180 117 103 115 114 192 177 207 131 129 178 174
107 81 107 72 98 97 88 65 61 76 54 88 100 104 112 102 82 90 83 102 124 76 58 44 39 68 71 33 34 35 37 37 44 44 49 69 117 107 150 160 160 151 150 91 136 147 153 133 143 80 120 152 153 151 125 101 54 49 51 51 52 61 61 62 55 58 57 60 77 76 60 62 68 60 69 114 170 108 175 176 169 193 194 178 103 136 118 100 142 123 165 131 96 122 94 101
