Projet programmation 3eme annee (DATA)
ncols         1161
nrows         1081
xllcorner     89500
yllcorner     6039500
cellsize      1000
NODATA_value  -9999
[rows 47 to 93 of 203, columns 576 to 671 of 1161]
37 34 26 30 26 30 45 49 35 38 49 37 37 47 30 27 47 42 57 41 -9999 -9999 -9999 -9999 -9999 -9999 -9999 -9999 -9999 -9999 -9999 13 15 16 17 18 18 21 24 31 35 24 22 33 23 28 38 52 -9999 -9999 -9999 -9999 -9999 -9999 -9999 -9999 -9999 -9999 -9999 -9999 -9999 -9999 -9999 -9999 -9999 -9999 -9999 -9999 -9999 -9999 -9999 -9999 -9999 -9999 -9999 -9999 -9999 -9999 -9999 -9999 -9999 -9999 -9999 -9999 -9999 -9999 -9999 -9999 -9999 -9999 -9999 -9999 -9999 -9999 -9999 -9999
27 25 26 22 27 30 41 61 35 31 31 28 46 42 29 25 34 32 61 78 -9999 -9999 -9999 -9999 -9999 -9999 -9999 -9999 -9999 -9999 14 16 16 18 19 18 17 19 20 27 34 28 24 36 24 34 41 38 -9999 -9999 -9999 -9999 -9999 -9999 -9999 -9999 -9999 -9999 -9999 -9999 -9999 -9999 -9999 -9999 -9999 -9999 -9999 -9999 -9999 -9999 -9999 -9999 -9999 -9999 -9999 -9999 -9999 -9999 -9999 -9999 -9999 -9999 -9999 -9999 -9999 -9999 -9999 -9999 -9999 -9999 -9999 -9999 -9999 -9999 -9999 -9999
37 35 29 24 24 29 31 38 55 36 31 26 30 32 23 36 24 32 38 22 -9999 -9999 -9999 -9999 -9999 -9999 -9999 -9999 -9999 -9999 14 17 18 19 19 20 18 19 21 36 37 34 43 30 27 34 41 37 28 -9999 -9999 -9999 -9999 -9999 -9999 -9999 -9999 -9999 -9999 -9999 -9999 -9999 -9999 -9999 -9999 -9999 -9999 -9999 -9999 -9999 -9999 -9999 -9999 -9999 -9999 -9999 -9999 -9999 -9999 -9999 -9999 -9999 -9999 -9999 -9999 -9999 -9999 -9999 -9999 -9999 -9999 -9999 -9999 -9999 -9999 -9999
30 28 30 19 20 19 20 31 57 49 35 25 30 28 21 19 19 19 18 19 22 -9999 -9999 -9999 -9999 -9999 -9999 -9999 -9999 16 15 16 19 19 20 19 18 17 20 28 27 40 50 33 40 41 37 27 42 -9999 -9999 -9999 -9999 -9999 -9999 -9999 -9999 -9999 -9999 -9999 -9999 -9999 -9999 -9999 -9999 -9999 -9999 -9999 -9999 -9999 -9999 -9999 -9999 -9999 -9999 -9999 -9999 -9999 -9999 -9999 -9999 -9999 -9999 -9999 -9999 -9999 -9999 -9999 -9999 -9999 -9999 -9999 -9999 -9999 -9999 -9999
30 24 19 19 19 19 18 18 21 41 31 21 31 22 18 17 18 17 18 18 17 19 19 18 19 -9999 -9999 -9999 -9999 15 17 16 15 18 19 18 18 19 19 20 23 37 50 47 41 36 39 35 26 23 -9999 -9999 -9999 -9999 -9999 -9999 -9999 -9999 -9999 -9999 -9999 -9999 -9999 -9999 -9999 -9999 -9999 -9999 -9999 -9999 -9999 -9999 -9999 -9999 -9999 -9999 -9999 -9999 -9999 -9999 -9999 -9999 -9999 -9999 -9999 -9999 -9999 -9999 -9999 -9999 -9999 -9999 -9999 -9999 -9999 -9999
30 19 19 19 19 18 18 18 18 19 19 21 18 17 17 17 17 17 17 18 17 18 18 18 18 -9999 18 -9999 -9999 15 18 19 19 20 17 18 19 19 19 19 20 23 32 47 43 37 32 25 24 22 29 41 36 -9999 -9999 -9999 -9999 -9999 -9999 -9999 -9999 -9999 -9999 -9999 -9999 -9999 -9999 -9999 -9999 -9999 -9999 -9999 -9999 -9999 -9999 -9999 -9999 -9999 -9999 -9999 -9999 -9999 -9999 -9999 -9999 -9999 -9999 -9999 -9999 -9999 -9999 -9999 -9999 -9999 -9999 -9999
30 19 18 19 18 18 17 17 17 18 18 18 18 17 17 18 18 17 15 17 17 17 17 17 16 14 18 19 15 18 18 19 19 19 19 20 19 20 21 20 27 32 32 34 48 41 44 29 27 27 26 29 25 -9999 -9999 -9999 -9999 -9999 -9999 -9999 -9999 -9999 -9999 -9999 -9999 -9999 -9999 -9999 -9999 -9999 -9999 -9999 -9999 -9999 -9999 -9999 -9999 -9999 -9999 -9999 -9999 -9999 -9999 -9999 -9999 -9999 -9999 -9999 -9999 -9999 -9999 -9999 -9999 -9999 -9999 -9999
19 18 18 18 17 17 17 17 17 17 17 17 17 17 18 18 17 17 15 16 16 16 16 16 15 17 14 13 17 18 19 19 20 20 20 23 22 16 21 21 33 23 24 41 37 30 27 25 23 19 18 19 17 -9999 -9999 -9999 -9999 -9999 -9999 -9999 -9999 -9999 -9999 -9999 -9999 -9999 -9999 -9999 -9999 -9999 -9999 -9999 -9999 -9999 -9999 -9999 -9999 -9999 -9999 -9999 -9999 -9999 -9999 -9999 -9999 -9999 -9999 -9999 -9999 -9999 -9999 -9999 -9999 -9999 -9999 -9999
19 17 18 18 18 17 16 17 17 15 17 16 17 17 17 17 17 16 15 16 15 15 16 14 17 16 19 19 18 18 19 19 20 23 27 26 22 19 17 18 20 20 19 24 42 44 46 31 30 24 29 33 21 -9999 -9999 -9999 -9999 -9999 -9999 -9999 -9999 -9999 -9999 -9999 -9999 -9999 -9999 -9999 -9999 -9999 -9999 -9999 -9999 -9999 -9999 -9999 -9999 -9999 -9999 -9999 -9999 -9999 -9999 -9999 -9999 -9999 -9999 -9999 -9999 -9999 -9999 -9999 -9999 -9999 -9999 -9999
18 18 18 17 17 16 16 16 16 16 16 17 16 17 17 16 15 17 15 16 16 16 17 17 17 18 18 18 18 19 19 20 25 31 24 21 20 19 18 19 18 19 20 20 25 30 45 34 36 33 30 23 22 -9999 -9999 -9999 -9999 -9999 -9999 -9999 -9999 -9999 -9999 -9999 -9999 -9999 -9999 -9999 -9999 -9999 -9999 -9999 -9999 -9999 -9999 -9999 -9999 -9999 -9999 -9999 -9999 -9999 -9999 -9999 -9999 -9999 -9999 -9999 -9999 -9999 -9999 -9999 -9999 -9999 -9999 -9999
17 17 17 17 17 17 16 16 15 16 17 17 17 16 16 17 16 16 15 14 15 17 17 16 18 18 19 19 19 19 19 26 36 26 27 24 21 21 17 22 21 22 23 25 22 26 42 50 36 33 34 29 -9999 -9999 -9999 -9999 -9999 -9999 -9999 -9999 -9999 -9999 -9999 -9999 -9999 -9999 -9999 -9999 -9999 -9999 -9999 -9999 -9999 -9999 -9999 -9999 -9999 -9999 -9999 -9999 -9999 -9999 -9999 -9999 -9999 -9999 -9999 -9999 -9999 -9999 -9999 -9999 -9999 -9999 -9999 -9999
16 17 17 16 16 17 17 16 16 16 16 15 16 16 17 16 16 14 17 16 17 17 17 17 16 19 19 19 19 19 21 40 35 31 32 27 22 19 19 29 36 30 31 36 23 23 23 35 45 46 36 28 -9999 -9999 -9999 -9999 -9999 -9999 -9999 -9999 -9999 -9999 -9999 -9999 -9999 -9999 -9999 -9999 -9999 -9999 -9999 -9999 -9999 -9999 -9999 -9999 -9999 -9999 -9999 -9999 -9999 -9999 -9999 -9999 -9999 -9999 -9999 -9999 -9999 -9999 -9999 -9999 -9999 -9999 -9999 -9999
17 17 17 17 16 16 16 16 15 16 16 16 17 16 17 16 15 17 17 17 17 16 17 17 17 19 19 19 19 20 37 43 46 42 33 24 19 19 20 24 38 38 44 36 29 27 24 22 28 41 37 35 36 -9999 -9999 -9999 -9999 -9999 -9999 -9999 -9999 -9999 -9999 -9999 -9999 -9999 -9999 -9999 -9999 -9999 -9999 -9999 -9999 -9999 -9999 -9999 -9999 -9999 -9999 -9999 -9999 -9999 -9999 -9999 -9999 -9999 -9999 -9999 -9999 -9999 -9999 -9999 -9999 -9999 -9999 -9999
17 16 17 16 16 15 15 15 16 17 18 14 18 16 17 16 17 17 17 17 18 17 19 18 18 19 19 20 20 39 36 42 35 30 24 20 19 19 20 20 23 24 31 31 25 23 22 23 23 26 34 47 40 -9999 -9999 -9999 -9999 -9999 -9999 -9999 -9999 -9999 -9999 -9999 -9999 -9999 -9999 -9999 -9999 -9999 -9999 -9999 -9999 -9999 -9999 -9999 -9999 -9999 -9999 -9999 -9999 -9999 -9999 -9999 -9999 -9999 -9999 -9999 -9999 -9999 -9999 -9999 -9999 -9999 -9999 -9999
17 17 16 16 17 17 16 16 15 17 17 16 17 17 16 17 16 17 17 17 19 17 18 19 19 19 20 20 20 23 26 43 32 23 20 19 20 20 21 22 24 27 30 28 26 23 23 23 23 23 25 31 31 -9999 -9999 -9999 -9999 -9999 -9999 -9999 -9999 -9999 -9999 -9999 -9999 -9999 -9999 -9999 -9999 -9999 -9999 -9999 -9999 -9999 -9999 -9999 -9999 -9999 -9999 -9999 -9999 -9999 -9999 -9999 -9999 -9999 -9999 -9999 -9999 -9999 -9999 -9999 -9999 -9999 -9999 -9999
18 17 17 17 17 17 17 17 17 17 17 17 16 15 17 17 17 17 17 17 18 18 19 20 20 20 29 28 32 38 41 37 24 20 20 21 22 24 26 25 29 30 35 36 30 31 30 25 24 24 25 27 31 29 -9999 -9999 -9999 -9999 -9999 -9999 -9999 -9999 -9999 -9999 -9999 -9999 -9999 -9999 -9999 -9999 -9999 -9999 -9999 -9999 -9999 -9999 -9999 -9999 -9999 -9999 -9999 -9999 -9999 -9999 -9999 -9999 -9999 -9999 -9999 -9999 -9999 -9999 -9999 -9999 -9999 -9999
18 18 18 17 17 17 17 17 17 17 17 17 17 16 17 17 17 17 17 18 19 19 20 20 23 24 29 39 36 31 26 25 21 22 24 25 25 36 32 31 33 38 41 43 40 36 33 34 28 34 32 34 35 34 -9999 -9999 -9999 -9999 -9999 -9999 -9999 -9999 -9999 -9999 -9999 -9999 -9999 -9999 -9999 -9999 -9999 -9999 -9999 -9999 -9999 -9999 -9999 -9999 -9999 -9999 -9999 -9999 -9999 -9999 -9999 -9999 -9999 -9999 -9999 -9999 -9999 -9999 -9999 -9999 -9999 -9999
18 18 18 18 18 17 17 18 17 17 17 17 17 17 17 17 17 17 18 18 19 20 21 28 27 25 30 36 36 26 22 21 20 18 26 34 43 42 42 38 42 42 42 39 38 37 37 37 28 41 44 45 41 49 52 -9999 -9999 -9999 -9999 -9999 -9999 -9999 -9999 -9999 -9999 -9999 -9999 -9999 -9999 -9999 -9999 -9999 -9999 -9999 -9999 -9999 -9999 -9999 -9999 -9999 -9999 -9999 -9999 -9999 -9999 -9999 -9999 -9999 -9999 -9999 -9999 -9999 -9999 -9999 -9999 -9999
18 19 18 18 19 18 18 18 18 18 17 17 17 17 17 17 19 18 18 18 19 23 32 30 29 31 33 35 32 30 24 21 19 18 25 32 38 46 48 55 56 53 44 41 37 34 34 37 30 45 49 50 49 52 55 -9999 -9999 -9999 -9999 -9999 -9999 -9999 -9999 -9999 -9999 -9999 -9999 -9999 -9999 -9999 -9999 -9999 -9999 -9999 -9999 -9999 -9999 -9999 -9999 -9999 -9999 -9999 -9999 -9999 -9999 -9999 -9999 -9999 -9999 -9999 -9999 -9999 -9999 -9999 -9999 -9999
19 19 19 18 20 26 20 19 19 19 18 18 18 18 17 18 18 18 19 19 20 37 38 35 33 35 41 40 32 25 24 20 20 19 19 22 26 33 34 44 55 56 54 49 50 50 37 28 43 45 50 53 52 51 53 -9999 -9999 -9999 -9999 -9999 -9999 -9999 -9999 -9999 -9999 -9999 -9999 -9999 -9999 -9999 -9999 -9999 -9999 -9999 -9999 -9999 -9999 -9999 -9999 -9999 -9999 -9999 -9999 -9999 -9999 -9999 -9999 -9999 -9999 -9999 -9999 -9999 -9999 -9999 -9999 -9999
19 18 18 19 20 29 30 37 20 19 19 19 18 18 18 18 19 19 19 20 20 28 25 26 35 33 32 40 35 30 22 22 20 20 24 24 26 28 32 37 42 48 44 46 43 40 33 29 41 44 50 50 49 53 51 -9999 -9999 -9999 -9999 -9999 -9999 -9999 -9999 -9999 -9999 -9999 -9999 -9999 -9999 -9999 -9999 -9999 -9999 -9999 -9999 -9999 -9999 -9999 -9999 -9999 -9999 -9999 -9999 -9999 -9999 -9999 -9999 -9999 -9999 -9999 -9999 -9999 -9999 -9999 -9999 -9999
19 19 19 20 19 24 39 46 27 19 19 19 19 19 18 19 19 19 20 20 20 22 24 33 30 31 36 30 25 21 20 20 21 19 23 31 35 36 37 44 46 44 38 38 38 37 30 27 27 31 32 44 40 38 56 -9999 -9999 -9999 -9999 -9999 -9999 -9999 -9999 -9999 -9999 -9999 -9999 -9999 -9999 -9999 -9999 -9999 -9999 -9999 -9999 -9999 -9999 -9999 -9999 -9999 -9999 -9999 -9999 -9999 -9999 -9999 -9999 -9999 -9999 -9999 -9999 -9999 -9999 -9999 -9999 -9999
20 20 20 20 20 21 23 35 21 20 20 20 19 19 19 19 19 20 20 20 20 27 28 27 26 26 24 20 20 20 20 20 20 20 20 24 34 41 46 44 44 38 36 31 28 27 27 30 29 35 32 41 58 67 50 -9999 -9999 -9999 -9999 -9999 -9999 -9999 -9999 -9999 -9999 -9999 -9999 -9999 -9999 -9999 -9999 -9999 -9999 -9999 -9999 -9999 -9999 -9999 -9999 -9999 -9999 -9999 -9999 -9999 -9999 -9999 -9999 -9999 -9999 -9999 -9999 -9999 -9999 -9999 -9999 -9999
26 22 22 20 20 24 31 24 20 19 21 20 19 19 19 19 20 20 20 23 24 25 25 24 23 22 21 20 22 20 20 21 22 22 24 23 26 28 34 38 39 34 31 31 27 28 29 29 29 30 31 43 68 62 57 -9999 -9999 -9999 -9999 -9999 -9999 -9999 -9999 -9999 -9999 -9999 -9999 -9999 -9999 -9999 -9999 -9999 -9999 -9999 -9999 -9999 -9999 -9999 -9999 -9999 -9999 -9999 -9999 -9999 -9999 -9999 -9999 -9999 -9999 -9999 -9999 -9999 -9999 -9999 -9999 -9999
28 47 26 34 36 44 40 27 24 22 21 20 20 19 20 20 20 22 28 26 26 28 28 26 22 21 20 20 21 21 22 23 27 24 24 24 28 30 33 33 32 33 30 29 28 30 37 34 32 32 32 41 59 48 45 -9999 -9999 -9999 -9999 -9999 -9999 -9999 -9999 -9999 -9999 -9999 -9999 -9999 -9999 -9999 -9999 -9999 -9999 -9999 -9999 -9999 -9999 -9999 -9999 -9999 -9999 -9999 -9999 -9999 -9999 -9999 -9999 -9999 -9999 -9999 -9999 -9999 -9999 -9999 -9999 -9999
49 71 55 26 27 38 33 23 25 29 20 20 20 20 20 20 21 29 27 24 25 23 21 21 21 21 21 20 24 23 22 28 29 28 26 26 35 39 44 52 50 37 35 33 30 38 43 39 33 39 51 48 52 38 33 -9999 -9999 -9999 -9999 -9999 -9999 -9999 -9999 -9999 -9999 -9999 -9999 25 30 38 44 40 -9999 -9999 -9999 -9999 -9999 -9999 -9999 -9999 -9999 -9999 -9999 -9999 -9999 -9999 -9999 -9999 -9999 -9999 -9999 -9999 -9999 -9999 -9999 -9999
62 70 29 35 32 47 25 31 24 24 38 28 20 20 20 20 21 25 26 24 24 24 22 21 21 23 21 20 22 24 24 26 31 32 28 31 33 36 60 49 44 38 34 36 40 50 50 39 38 42 55 51 46 46 39 33 28 28 -9999 -9999 -9999 -9999 -9999 -9999 -9999 -9999 19 21 25 29 29 31 -9999 -9999 -9999 -9999 -9999 -9999 -9999 -9999 -9999 -9999 -9999 -9999 -9999 -9999 -9999 -9999 -9999 -9999 -9999 -9999 -9999 -9999 -9999 -9999
39 41 62 63 54 27 39 37 42 32 25 24 21 23 24 24 26 30 25 26 25 25 23 24 25 20 25 24 26 28 28 30 32 30 29 32 36 41 56 51 43 38 37 43 48 56 46 40 47 54 54 44 41 38 39 33 32 26 24 -9999 -9999 -9999 -9999 -9999 -9999 15 15 18 21 23 23 26 -9999 -9999 -9999 -9999 -9999 -9999 -9999 -9999 -9999 -9999 -9999 -9999 -9999 -9999 -9999 -9999 -9999 -9999 -9999 -9999 -9999 -9999 -9999 -9999
79 92 60 33 50 57 44 38 47 28 23 22 26 29 30 25 31 33 31 27 29 30 25 21 22 16 24 30 32 30 30 31 30 32 32 33 50 51 50 42 41 42 45 43 53 45 44 48 49 45 47 48 43 37 36 33 32 32 26 23 20 -9999 23 20 17 18 16 18 23 17 25 -9999 -9999 26 26 35 -9999 -9999 -9999 -9999 -9999 -9999 -9999 -9999 -9999 -9999 -9999 -9999 -9999 -9999 -9999 -9999 -9999 -9999 -9999 -9999
82 78 39 58 49 40 48 50 40 37 30 23 27 32 28 33 32 34 32 37 34 30 27 30 24 23 22 28 35 31 27 29 28 26 29 32 52 62 47 43 50 53 52 44 51 51 50 52 50 44 38 43 42 46 44 40 34 31 31 25 24 18 21 22 28 30 16 17 14 17 19 17 21 28 36 39 49 33 38 -9999 -9999 -9999 -9999 -9999 -9999 -9999 -9999 -9999 -9999 -9999 -9999 -9999 -9999 -9999 -9999 -9999
80 54 62 69 45 52 46 61 48 42 27 33 35 38 34 27 36 38 36 41 41 29 30 32 29 24 27 42 34 29 25 26 24 26 31 30 41 63 49 47 62 89 55 54 54 54 50 43 41 39 35 30 29 37 45 41 34 32 29 26 22 19 19 21 20 19 17 15 17 21 18 21 26 33 37 38 38 28 25 25 -9999 -9999 -9999 -9999 -9999 -9999 -9999 -9999 -9999 -9999 -9999 -9999 -9999 -9999 -9999 -9999
46 66 81 71 63 50 48 50 56 40 40 48 45 35 33 33 42 40 41 47 37 30 38 39 26 25 28 25 31 27 28 26 25 24 27 29 35 55 63 56 52 69 57 48 42 41 46 49 51 44 41 38 31 34 38 37 30 25 25 22 21 20 18 18 19 17 17 19 26 29 19 18 27 29 33 34 31 31 19 20 -9999 -9999 -9999 -9999 -9999 -9999 -9999 -9999 -9999 -9999 -9999 -9999 -9999 -9999 -9999 -9999
52 92 86 86 82 61 56 54 63 62 62 57 43 42 36 42 49 45 56 49 34 48 45 46 37 23 24 25 23 27 24 26 26 28 29 29 45 41 51 67 54 46 38 34 32 36 36 38 41 40 43 36 29 23 24 26 23 20 20 20 19 19 17 17 18 17 16 17 17 28 27 18 16 15 26 28 29 22 23 13 19 -9999 -9999 -9999 -9999 -9999 -9999 -9999 -9999 -9999 -9999 -9999 -9999 -9999 -9999 -9999
76 61 112 98 100 98 76 68 58 62 71 59 48 47 43 55 63 71 62 43 46 63 53 34 37 42 34 29 31 29 29 28 28 27 26 31 35 41 51 64 71 47 42 40 38 36 28 31 28 34 34 34 34 28 23 21 20 20 19 19 19 17 17 18 17 17 16 17 19 22 24 31 21 17 15 24 19 14 17 16 16 18 -9999 -9999 -9999 -9999 -9999 -9999 -9999 -9999 -9999 -9999 -9999 -9999 -9999 -9999
58 59 102 125 115 108 88 82 77 72 68 70 57 49 49 58 71 60 44 56 67 61 53 39 39 37 39 37 28 32 30 28 25 27 27 27 28 30 32 55 58 47 37 35 32 30 28 28 24 22 23 26 22 21 16 19 20 19 19 19 18 18 18 18 16 18 17 19 20 21 21 19 26 23 20 19 19 14 18 17 17 20 -9999 -9999 -9999 -9999 -9999 -9999 -9999 -9999 -9999 -9999 -9999 -9999 -9999 -9999
110 87 67 98 177 159 130 126 105 91 87 71 65 71 60 79 74 68 72 57 45 51 51 39 31 34 31 24 24 34 33 27 26 28 29 29 27 25 26 30 32 38 46 37 34 36 35 33 30 22 21 22 20 20 20 21 19 19 20 19 20 18 19 17 18 21 28 20 19 19 23 33 31 24 20 20 18 16 16 17 18 18 20 -9999 -9999 -9999 -9999 -9999 -9999 -9999 -9999 -9999 -9999 -9999 -9999 -9999
131 102 83 85 101 129 175 184 164 115 107 89 82 74 80 78 64 55 52 49 40 35 36 28 30 32 41 27 27 27 30 31 30 28 24 24 23 23 25 21 22 21 26 28 36 31 30 28 22 21 21 19 19 19 19 19 18 18 17 17 16 16 16 14 16 17 21 19 18 23 25 38 31 21 26 19 17 17 17 17 19 20 22 -9999 -9999 -9999 -9999 -9999 -9999 -9999 -9999 -9999 -9999 -9999 -9999 -9999
155 122 121 100 91 102 176 168 173 182 142 129 117 91 93 84 78 59 43 67 57 50 29 48 39 36 38 28 27 32 31 34 30 30 25 24 22 22 22 22 24 20 24 22 23 22 20 19 19 18 20 19 18 18 18 18 16 17 18 17 17 16 17 17 17 16 19 27 24 24 25 29 26 28 19 18 17 17 19 19 18 24 24 -9999 -9999 -9999 -9999 -9999 -9999 -9999 -9999 -9999 -9999 -9999 -9999 -9999
180 156 122 115 95 145 149 157 168 154 169 178 123 130 103 84 72 51 62 35 40 42 34 34 49 42 36 36 36 38 33 39 36 38 37 35 28 29 26 23 20 20 20 20 20 19 19 16 18 18 17 17 17 17 18 17 17 17 18 18 18 17 17 17 19 21 19 20 24 24 23 38 31 23 24 19 17 19 20 22 20 27 26 -9999 -9999 -9999 -9999 -9999 -9999 -9999 -9999 -9999 -9999 -9999 -9999 -9999
174 163 154 137 99 154 163 158 156 162 143 150 162 182 150 115 81 60 64 69 47 43 51 39 50 48 42 40 44 41 45 43 50 47 43 37 32 28 26 23 22 22 19 19 19 20 17 17 17 17 17 17 18 17 17 17 17 17 17 18 17 18 18 19 19 18 23 22 20 22 19 24 21 21 27 17 17 22 23 25 28 33 28 -9999 -9999 -9999 -9999 -9999 -9999 -9999 -9999 -9999 -9999 -9999 -9999 -9999
156 155 142 130 139 132 149 159 152 148 138 145 121 98 98 100 68 113 69 56 54 53 47 53 54 55 54 54 52 45 53 46 54 47 42 35 31 26 22 22 22 21 21 20 18 19 21 17 17 17 17 18 19 18 17 17 16 17 18 19 17 18 20 25 17 17 29 25 25 24 22 19 21 20 17 18 20 24 26 31 32 37 32 -9999 -9999 -9999 -9999 -9999 -9999 -9999 -9999 -9999 -9999 -9999 -9999 -9999
147 143 138 145 155 157 148 137 143 143 135 135 140 133 90 82 97 136 93 64 63 54 55 58 55 56 57 56 53 51 55 54 54 43 41 36 29 24 25 25 19 20 25 18 19 20 23 18 18 18 17 17 17 17 17 18 17 18 18 18 19 19 22 25 107 40 36 25 30 29 27 26 19 18 20 25 26 31 32 36 41 49 39 -9999 -9999 -9999 -9999 -9999 -9999 -9999 -9999 -9999 -9999 -9999 -9999 -9999
136 146 143 144 142 131 146 123 119 150 139 136 129 127 129 126 127 129 145 89 61 65 67 58 70 71 68 65 66 67 63 61 56 50 41 33 31 28 31 28 22 23 21 19 18 20 30 20 21 21 20 19 19 18 18 18 19 21 21 21 20 19 20 24 33 44 33 34 36 50 37 30 18 19 28 38 36 37 42 47 52 38 -9999 -9999 -9999 -9999 -9999 -9999 -9999 -9999 -9999 -9999 -9999 -9999 -9999 -9999
130 114 136 114 128 130 116 116 118 113 124 137 128 132 131 120 126 123 134 142 85 70 66 72 66 58 54 45 46 45 40 40 35 29 36 42 33 28 27 26 27 26 22 18 20 20 36 22 25 18 21 25 25 21 21 20 21 23 24 22 25 33 27 22 36 44 43 37 46 51 40 24 23 39 40 43 47 49 53 55 67 59 -9999 -9999 -9999 -9999 -9999 -9999 -9999 -9999 -9999 -9999 -9999 -9999 -9999 -9999
119 113 113 111 118 109 112 95 114 111 113 105 132 105 106 115 105 106 117 125 139 112 73 65 68 68 53 48 52 51 45 44 43 49 42 35 30 27 25 25 28 29 29 20 21 21 23 36 20 23 23 24 25 25 26 31 26 28 32 25 33 41 31 23 27 37 44 44 49 52 46 23 36 38 40 54 63 64 70 71 71 82 82 -9999 -9999 -9999 -9999 -9999 -9999 123 129 130 141 145 146 -9999
107 111 100 116 95 103 98 86 82 94 95 103 127 97 111 95 90 96 110 102 113 122 94 75 69 63 58 57 53 46 47 49 47 45 44 35 33 29 27 31 37 37 37 34 27 24 29 23 25 27 26 25 28 34 32 40 33 42 41 38 39 42 36 31 29 36 47 55 55 48 21 29 34 44 61 59 70 75 84 86 67 82 91 -9999 -9999 -9999 -9999 113 122 119 132 132 141 140 137 141
117 112 120 121 126 114 109 103 95 89 89 82 84 105 98 88 96 98 104 97 100 112 99 74 68 67 68 63 56 61 55 55 55 50 48 43 37 33 30 31 37 43 45 42 40 29 43 31 27 29 26 28 33 35 37 47 44 48 42 37 43 44 40 38 33 42 45 60 51 22 31 56 49 50 59 67 76 84 91 92 69 91 93 -9999 -9999 -9999 69 107 119 126 130 134 137 146 146 147
