Projet programmation 3eme annee (DATA)
ncols         1161
nrows         1081
xllcorner     89500
yllcorner     6039500
cellsize      1000
NODATA_value  -9999
[rows 141 to 187 of 203, columns 384 to 479 of 1161]
0 0 0 0 0 0 0 0 0 0 0 0 0 0 0 0 0 0 0 0 0 0 0 0 0 0 0 0 0 0 0 0 0 0 0 0 0 0 0 0 0 0 0 0 0 0 0 0 0 0 0 0 0 0 0 0 0 0 0 0 0 0 0 0 0 0 0 0 0 0 0 0 22 17 25 41 46 34 3 17 43 40 60 69 77 92 49 86 90 85 54 5 3 74 97 110
0 0 0 0 0 0 0 0 0 0 0 0 0 0 0 0 0 0 0 0 0 0 0 0 0 0 0 0 0 0 0 0 0 0 0 0 0 0 0 0 0 0 0 0 0 0 0 0 0 0 0 0 0 0 0 0 0 0 0 0 0 0 0 0 0 0 0 0 0 42 43 45 47 37 30 37 50 50 43 10 61 63 65 68 70 81 75 50 103 97 95 7 4 96 106 113
0 0 0 0 0 0 0 0 0 0 0 0 0 0 0 0 0 0 0 0 0 0 0 0 0 0 0 0 0 0 0 0 0 0 0 0 0 0 0 0 0 0 0 0 0 0 0 0 0 0 0 0 0 0 0 0 0 0 0 0 65 48 0 3 5 63 54 56 53 65 50 49 46 63 26 32 47 54 54 8 57 73 72 73 77 81 75 16 85 100 100 50 5 10 102 116
0 0 0 0 0 0 0 0 0 0 0 0 0 0 0 0 0 0 0 0 0 0 0 0 0 0 0 0 0 0 0 0 0 0 0 0 0 0 0 0 0 0 0 0 0 0 0 0 0 0 0 0 0 0 0 19 51 66 77 74 67 36 29 73 79 81 69 38 60 62 58 54 53 57 17 53 55 64 67 11 55 44 59 72 81 85 81 18 73 96 99 102 55 10 8 28
0 0 0 0 0 0 0 0 0 0 0 0 0 0 0 0 0 0 0 0 0 0 0 0 0 0 0 0 0 0 0 0 0 0 0 0 0 0 0 0 0 0 0 0 0 0 0 0 0 0 0 0 70 8 4 71 66 72 78 71 37 46 53 43 70 78 64 60 64 61 67 58 60 34 23 62 68 68 75 13 62 78 83 76 73 89 86 22 82 98 110 109 111 105 12 46
0 0 0 0 0 0 0 0 0 0 0 0 0 0 0 0 0 0 0 0 0 0 0 0 0 0 0 0 0 0 0 0 0 0 0 0 0 0 0 0 0 0 0 0 0 0 0 0 0 0 49 79 76 24 8 29 74 77 76 71 75 24 68 52 74 80 64 65 76 65 71 64 66 55 47 56 70 76 81 17 68 82 82 86 80 87 88 63 87 99 107 116 117 70 16 81
0 0 0 0 0 0 0 0 0 0 0 0 0 0 0 0 0 0 0 0 0 0 0 0 0 0 0 0 0 0 0 0 0 0 0 0 0 0 0 0 0 0 0 0 0 0 0 0 0 82 80 83 81 57 76 5 74 83 75 72 76 72 35 66 71 84 80 77 80 70 80 77 29 68 61 62 61 66 82 55 26 69 87 95 89 92 71 89 58 106 116 122 117 110 20 60
0 0 0 0 0 0 0 0 0 0 0 0 0 0 0 0 0 0 0 0 0 0 0 0 0 0 0 0 0 0 0 0 0 0 0 0 0 0 0 0 0 0 0 0 0 0 0 0 21 90 87 85 70 72 84 48 42 85 82 79 78 71 66 83 76 72 83 94 84 86 82 53 49 75 73 76 74 74 84 45 76 57 70 90 98 96 79 82 40 105 89 116 127 128 52 32
0 0 0 0 0 0 0 0 0 0 0 0 0 0 0 0 0 0 0 0 0 0 0 0 0 0 0 0 0 0 0 0 0 0 0 0 0 0 0 0 0 0 0 0 0 0 87 26 81 71 91 79 83 73 80 85 41 85 87 88 84 85 81 67 83 81 88 92 88 85 56 61 85 85 84 83 86 81 80 51 85 39 92 90 107 98 94 101 100 100 115 124 136 137 76 31
0 0 0 0 0 0 0 0 0 0 0 0 0 0 0 0 0 0 0 0 0 0 0 0 0 0 0 0 0 0 0 0 0 0 0 0 0 0 0 0 0 0 0 0 84 34 95 86 86 86 91 83 97 92 73 89 60 68 84 98 92 97 70 93 94 88 92 94 93 91 63 73 88 81 101 94 91 96 59 87 84 45 67 93 106 105 102 107 95 47 117 127 139 116 59 47
0 0 0 0 0 0 0 0 0 0 0 0 0 0 0 0 0 0 0 0 0 0 0 0 0 0 0 0 0 0 0 0 0 0 0 0 0 0 0 0 0 0 22 99 61 93 92 71 93 89 97 91 107 106 94 92 45 96 99 102 102 103 101 98 89 110 92 101 99 74 100 86 81 99 101 108 107 95 41 90 92 81 93 96 101 114 112 112 73 60 104 126 146 145 63 55
0 0 0 0 0 0 0 0 0 0 0 0 0 0 0 0 0 0 0 0 0 0 0 0 0 0 0 0 0 0 0 0 0 0 0 0 0 0 0 0 0 83 113 106 85 98 97 94 96 101 101 97 109 107 111 90 42 102 109 113 119 105 105 110 105 103 102 111 97 78 106 91 101 100 113 109 101 89 87 108 100 79 106 92 107 107 119 100 108 116 109 129 140 153 116 55
0 0 0 0 0 0 0 0 0 0 0 0 0 0 0 0 0 0 0 0 0 0 0 0 0 0 0 0 0 0 0 0 0 0 0 0 0 0 0 115 98 113 119 116 109 109 109 100 105 112 108 112 113 110 114 102 18 46 76 106 120 120 119 119 107 107 100 113 110 108 113 110 116 114 110 121 106 66 111 104 98 77 87 103 106 120 124 87 126 134 63 138 145 155 74 68
0 0 0 0 0 0 0 0 0 0 0 0 0 0 0 0 0 0 0 0 0 0 0 0 0 0 0 0 0 0 0 0 0 0 0 0 0 75 117 90 114 118 121 122 121 120 116 110 112 110 108 104 114 117 114 43 39 86 101 111 99 110 124 131 124 122 116 122 109 112 123 111 118 114 129 122 111 51 81 112 115 108 95 117 110 118 114 115 118 133 90 131 151 141 104 60
0 0 0 0 0 0 0 0 0 0 0 0 0 0 0 0 0 0 0 0 0 0 0 0 0 0 0 0 0 0 0 0 0 0 0 0 61 15 5 82 101 115 101 77 109 121 114 113 123 118 107 117 117 111 78 40 120 110 112 113 108 118 120 124 127 134 131 132 126 123 125 112 128 127 114 115 105 99 126 123 115 112 88 106 120 124 120 110 131 124 131 102 143 143 82 50
0 0 0 0 0 0 0 0 0 0 0 0 0 0 0 0 0 0 0 0 0 0 0 0 0 0 0 0 0 0 0 0 0 0 90 88 66 48 92 63 13 19 28 29 101 92 59 104 127 121 114 100 89 92 71 30 90 42 62 62 68 81 89 100 127 130 130 126 143 135 129 130 134 135 132 127 86 117 138 128 122 109 113 98 110 115 126 128 138 130 134 88 142 162 154 54
0 0 0 0 0 0 0 0 0 0 0 0 0 0 0 0 0 0 0 0 0 0 0 0 0 0 0 0 0 0 83 82 48 90 98 99 103 84 103 22 102 103 103 40 74 86 94 67 58 114 121 99 93 102 82 94 59 101 102 110 90 112 123 109 113 121 116 103 117 133 143 147 149 132 133 138 82 68 133 137 122 117 125 114 123 124 124 124 131 126 93 118 129 154 91 55
0 0 0 0 0 0 0 0 0 0 0 0 0 0 0 0 0 0 0 0 0 0 0 0 0 0 0 0 0 46 85 44 94 80 61 103 110 72 112 65 58 117 116 56 112 129 122 114 106 105 125 124 107 120 110 114 109 38 116 133 124 129 136 131 121 137 142 133 115 137 140 136 148 135 143 128 109 121 102 142 132 138 128 112 126 128 125 133 132 126 114 131 140 156 154 58
0 0 0 0 0 0 0 0 0 0 0 0 0 0 0 0 0 0 0 0 0 0 0 0 0 0 93 96 95 95 98 85 101 99 98 102 111 101 118 108 31 118 121 84 78 126 125 123 109 119 120 124 131 116 128 127 120 101 46 127 90 138 142 138 130 116 144 151 133 129 122 127 149 145 148 137 136 137 110 118 138 143 116 113 125 116 135 132 141 83 142 139 143 156 158 114
0 0 0 0 0 0 0 0 0 0 0 0 0 0 0 0 0 0 0 0 0 0 0 0 20 55 88 73 93 96 100 105 97 94 103 103 115 117 109 124 41 123 125 117 110 104 115 125 126 79 107 112 124 129 137 141 124 112 93 91 117 121 122 139 131 139 131 148 151 136 131 147 131 151 153 157 156 141 101 126 145 139 142 139 138 131 130 138 131 124 140 152 145 156 139 108
0 0 0 0 0 0 0 0 0 0 0 0 0 0 0 0 0 0 0 0 0 0 0 95 79 19 82 103 102 96 101 111 110 109 112 112 118 118 118 126 59 68 54 125 125 121 118 123 120 126 113 119 119 117 123 136 125 118 121 68 115 130 132 146 135 141 140 150 154 157 138 158 136 143 149 159 150 142 122 121 138 155 145 147 147 136 143 123 125 117 117 145 153 145 132 113
0 0 0 0 0 0 0 0 0 0 0 0 0 0 0 0 0 0 0 0 0 0 96 76 107 89 77 116 116 105 110 115 116 114 107 107 117 115 122 126 105 129 120 92 75 120 122 125 128 118 102 128 130 124 119 127 131 120 113 100 90 123 127 138 148 151 140 139 149 160 157 159 139 149 163 155 160 155 148 88 137 140 151 151 152 145 140 143 138 125 137 136 146 156 154 124
0 0 0 0 0 0 0 0 0 0 0 0 0 0 0 0 0 0 0 0 0 0 108 111 102 87 23 86 75 102 79 77 98 104 92 112 118 118 108 121 134 133 120 124 99 119 128 129 127 125 111 124 133 130 127 128 126 125 120 123 122 73 99 123 103 125 143 153 155 153 151 159 151 164 163 158 150 149 128 140 129 153 166 147 159 151 146 145 123 141 145 145 151 162 160 128
0 0 0 0 0 0 0 0 0 0 0 0 0 0 0 0 0 0 0 0 0 105 111 105 83 83 96 87 81 92 115 119 128 125 114 107 107 114 99 116 135 134 126 128 125 116 121 129 127 123 105 121 124 132 130 131 124 122 112 71 128 125 127 137 135 131 145 145 153 163 155 161 159 153 166 161 158 145 126 140 152 121 130 154 157 163 145 142 148 110 147 162 156 157 154 143
0 0 0 0 0 0 0 0 0 0 0 0 0 0 0 0 0 0 0 0 0 93 95 107 114 112 100 110 112 104 61 118 126 133 130 111 114 99 100 117 127 133 125 107 131 130 125 126 127 127 110 127 126 136 136 131 133 119 126 123 117 129 142 137 130 132 138 148 161 164 165 162 173 162 166 160 165 154 151 127 144 142 151 162 159 161 148 149 145 146 121 153 155 153 159 151
0 0 0 0 0 0 0 0 0 0 0 0 0 0 0 0 0 0 0 0 0 105 118 121 123 123 109 127 131 108 107 109 123 127 120 125 114 108 111 103 127 126 133 122 115 135 134 136 126 124 123 124 132 137 141 139 133 132 119 100 125 139 146 139 138 138 141 142 134 154 161 166 171 171 160 153 162 157 150 148 132 151 144 160 158 166 164 156 140 143 126 151 130 156 157 164
0 0 0 0 0 0 0 0 0 0 0 0 0 0 0 0 0 0 0 0 0 117 134 136 135 134 125 114 115 127 133 113 93 119 108 123 122 124 118 106 123 129 133 124 127 130 133 136 131 135 126 121 123 136 137 137 129 134 124 112 129 136 147 151 142 141 143 145 142 146 142 153 159 167 164 160 162 165 159 162 152 157 155 158 161 157 161 150 156 150 144 162 159 144 161 160
0 0 0 0 0 0 0 0 0 0 0 0 0 0 0 0 0 0 0 0 110 120 124 126 122 128 127 131 114 120 128 131 126 116 112 109 120 122 121 118 120 127 125 131 114 131 130 139 138 135 136 133 119 132 134 139 129 127 122 124 124 140 134 147 148 141 135 143 149 150 153 154 149 160 171 167 172 172 160 162 158 159 166 157 161 165 164 166 160 155 150 147 163 163 153 154
0 0 0 0 0 0 0 0 0 0 0 0 0 0 0 0 0 0 0 0 101 100 110 112 112 113 115 115 126 131 129 127 114 110 107 127 129 118 123 107 122 127 131 136 125 128 126 134 141 137 131 131 127 130 143 136 136 138 125 122 136 132 146 144 153 144 146 138 142 141 138 147 148 156 166 166 166 156 156 155 165 161 162 166 160 170 168 170 168 157 155 149 139 159 164 165
0 0 0 0 0 0 0 0 0 0 0 0 0 0 0 0 0 0 0 87 84 92 93 97 94 85 97 115 112 114 125 125 121 128 123 133 130 119 111 113 104 139 135 134 135 132 135 132 137 148 142 134 134 126 132 140 135 128 126 115 129 141 146 151 145 150 148 137 139 146 151 147 141 149 159 156 172 163 163 154 155 171 170 176 167 165 165 171 175 169 165 162 160 154 161 170
0 0 0 0 0 0 0 0 0 0 0 0 0 0 0 0 0 0 0 89 80 78 78 70 77 96 98 108 103 116 120 133 130 131 131 126 129 126 116 124 111 91 129 130 136 133 130 138 130 138 145 147 137 133 135 131 135 130 119 123 128 132 141 143 151 142 144 135 149 150 150 148 134 145 145 153 162 165 166 156 153 166 172 179 178 168 155 170 170 166 157 170 160 157 160 160
0 0 0 0 0 0 0 0 0 0 0 0 0 0 0 0 0 0 92 95 95 87 93 87 48 86 97 100 113 112 121 119 127 118 127 114 127 121 117 116 116 100 125 129 135 138 137 133 135 137 139 145 135 141 137 140 135 134 132 132 134 138 129 127 125 140 135 123 145 143 153 151 142 128 142 150 152 162 161 161 138 137 165 169 177 171 164 155 162 160 163 151 162 155 158 160
0 0 0 0 0 0 0 0 0 0 0 0 0 0 0 0 0 9 94 98 101 102 102 103 64 91 90 105 118 122 116 113 110 121 123 104 116 122 119 123 115 119 79 129 131 139 140 139 143 139 148 149 146 139 144 145 135 137 134 129 137 137 133 130 96 95 134 125 132 138 151 153 153 139 137 142 162 160 166 130 107 165 173 175 178 175 162 167 155 102 155 160 119 125 156 159
0 0 0 0 0 0 0 0 0 0 0 0 0 0 0 0 0 98 95 97 99 101 105 105 75 71 100 99 116 115 126 117 106 114 116 95 116 121 106 115 121 108 101 105 128 138 137 141 144 140 146 148 147 146 151 151 144 146 141 137 133 130 120 123 132 94 79 114 104 136 149 152 147 133 123 124 149 123 163 148 147 162 158 172 174 173 174 185 157 118 137 123 158 161 162 164
0 0 0 0 0 0 0 0 0 0 0 0 0 0 0 0 0 90 90 92 89 94 97 95 103 28 92 91 106 119 122 122 112 109 113 106 98 101 119 126 120 121 113 87 124 81 126 137 142 151 149 153 151 145 149 141 140 146 151 147 138 137 133 134 134 136 133 62 70 92 126 140 115 109 129 132 76 135 152 115 137 149 155 166 170 165 173 170 114 154 155 150 154 162 164 161
0 0 0 0 0 0 0 0 0 0 0 0 0 0 0 0 92 86 86 84 84 79 48 59 80 25 44 60 94 104 108 112 122 112 114 121 119 115 80 101 106 107 107 41 109 133 138 80 137 149 152 151 145 147 145 134 125 113 126 139 149 147 139 112 137 124 132 45 136 125 135 117 108 104 109 132 131 69 95 142 113 135 139 161 168 175 175 140 72 152 163 168 137 153 155 142
0 0 0 0 0 0 0 0 0 0 0 0 0 0 0 0 93 81 61 77 86 86 74 41 16 72 87 86 93 101 109 111 111 115 123 125 123 108 106 94 111 101 93 51 81 113 138 83 136 147 146 150 146 145 136 138 132 66 120 119 132 130 114 110 109 84 38 121 132 131 107 117 94 107 120 116 124 113 57 118 88 91 138 154 160 173 163 138 128 176 156 140 157 140 144 99
0 0 0 0 0 0 0 0 0 0 0 0 0 0 0 97 91 83 82 52 75 74 24 9 72 87 94 98 90 102 97 89 107 109 123 124 130 128 125 121 109 86 107 110 60 100 46 122 137 108 142 144 143 140 134 130 123 111 78 93 102 118 129 42 99 117 119 119 122 118 112 105 93 111 103 122 113 115 51 117 107 131 130 149 156 167 155 91 168 131 125 104 112 86 152 158
0 0 0 0 0 0 0 0 0 0 0 0 0 0 0 92 84 80 71 64 56 80 3 75 90 80 93 102 95 83 91 103 105 114 115 119 122 129 121 117 119 122 133 121 90 17 37 79 120 131 95 135 137 134 129 121 61 39 77 15 48 44 112 90 95 111 117 116 114 106 113 111 93 111 93 113 110 100 46 120 68 102 129 131 147 161 136 89 58 115 111 141 125 152 150 144
0 0 0 0 0 0 0 0 0 0 0 0 0 0 100 89 79 83 73 78 19 66 40 71 77 80 25 47 91 91 103 108 109 116 121 123 115 127 128 133 117 107 125 124 126 114 11 45 127 90 92 145 152 151 151 143 131 96 123 115 112 19 116 81 98 98 105 111 91 104 105 121 98 103 96 103 115 81 64 78 102 112 120 134 134 132 49 90 158 172 165 136 146 162 167 161
0 0 0 0 0 0 0 0 0 0 0 0 0 0 74 87 92 88 85 79 36 76 49 3 33 75 82 98 101 106 106 105 89 108 119 108 119 124 118 119 119 79 115 124 116 120 119 9 25 122 130 142 124 116 147 144 139 136 128 128 104 7 107 105 33 44 70 58 109 118 114 123 111 86 79 104 91 55 114 126 118 118 126 124 112 42 110 155 166 171 173 169 166 152 165 168
0 0 0 0 0 0 0 0 0 0 0 0 0 0 21 48 89 74 55 67 85 90 82 3 88 100 99 92 99 101 92 106 100 53 102 109 110 115 126 116 86 99 109 113 39 93 128 36 36 47 128 137 101 141 132 130 125 133 56 3 5 5 5 4 75 104 119 116 115 105 110 110 111 111 94 70 51 107 121 115 127 127 119 111 36 131 142 149 136 163 165 173 171 165 160 167
0 0 0 0 0 0 0 0 0 0 0 0 0 0 0 0 22 8 5 4 5 4 5 2 3 39 92 69 57 37 92 34 96 108 112 112 123 126 121 111 105 102 57 108 24 5 3 47 89 93 124 101 110 132 135 93 132 104 4 6 9 12 16 5 4 26 119 116 110 89 112 124 120 111 75 13 110 100 91 122 124 133 126 119 87 115 106 138 164 164 164 171 173 167 165 162
0 0 0 0 0 0 0 0 0 0 0 0 0 0 0 0 2 1 1 3 2 0 1 3 3 4 5 5 4 3 93 99 99 106 112 116 116 61 107 115 116 111 16 36 3 3 3 4 3 91 57 46 120 120 103 86 115 3 4 9 14 19 16 12 4 5 95 98 107 73 107 89 84 93 42 98 114 114 125 121 132 133 102 99 34 113 149 146 131 97 150 158 163 171 135 162
0 0 0 0 0 0 0 0 0 0 0 0 0 0 0 0 0 2 0 1 1 1 1 2 2 2 3 3 3 3 4 5 3 77 108 3 5 4 4 5 3 95 57 2 1 1 1 2 4 4 26 38 79 115 115 92 74 0 7 16 39 44 25 20 14 4 4 113 107 106 50 84 81 19 84 109 123 128 127 120 121 141 141 134 41 122 123 114 139 155 134 143 145 154 153 123
0 0 0 0 0 0 0 0 0 0 0 0 0 0 0 0 0 2 0 1 0 1 1 0 0 1 2 2 2 2 3 3 3 4 5 4 4 4 3 3 3 5 85 0 1 2 1 1 2 4 5 26 50 71 73 50 5 0 16 28 40 52 46 22 22 6 5 11 103 88 67 87 10 37 53 102 29 27 110 131 124 133 141 115 52 101 112 148 146 161 153 150 156 150 140 160
0 0 0 0 0 0 0 0 0 0 0 0 0 0 0 0 0 0 0 0 0 1 0 1 1 1 0 1 0 2 2 1 1 3 3 3 3 3 2 2 2 2 0 1 2 3 4 0 2 3 5 21 30 31 40 3 3 0 18 32 21 14 11 12 22 4 3 4 89 30 82 66 4 3 5 4 4 105 128 123 100 120 134 102 19 52 131 133 158 165 152 151 154 77 149 167
