Projet programmation 3eme annee (DATA)
ncols         1161
nrows         1081
xllcorner     89500
yllcorner     6039500
cellsize      1000
NODATA_value  -9999
[rows 141 to 187 of 203, columns 672 to 767 of 1161]
119 120 124 130 127 153 196 211 223 226 226 166 190 180 179 199 190 200 212 213 225 195 212 236 246 250 255 258 264 241 244 272 274 269 309 319 312 316 320 338 347 349 349 353 356 358 367 379 351 371 322 288 210 272 322 387 398 357 397 381 241 240 207 284 376 378 419 375 195 290 325 175 217 324 351 -9999 -9999 -9999 -9999 -9999 -9999 -9999 -9999 -9999 -9999 -9999 -9999 -9999 -9999 -9999 -9999 -9999 -9999 -9999 -9999 -9999
177 170 148 159 125 126 136 170 176 193 177 138 143 179 189 189 195 199 193 205 210 210 206 230 225 243 241 234 226 234 224 232 250 265 262 288 300 324 331 337 327 345 344 348 350 350 363 375 365 349 326 318 214 305 371 339 346 386 400 368 336 257 356 178 188 323 307 293 156 157 161 303 312 342 -9999 -9999 -9999 -9999 -9999 -9999 -9999 -9999 -9999 -9999 -9999 -9999 -9999 -9999 -9999 -9999 -9999 -9999 -9999 -9999 -9999 -9999
196 201 192 200 196 191 149 153 133 133 137 166 143 173 184 175 189 193 205 211 216 225 199 201 223 226 231 210 215 220 229 228 231 235 238 256 293 281 297 314 334 335 338 343 338 350 350 362 380 339 298 319 299 332 321 345 353 367 384 380 249 141 236 139 239 276 158 198 151 270 170 240 253 -9999 -9999 -9999 -9999 -9999 -9999 -9999 -9999 -9999 -9999 -9999 -9999 -9999 -9999 -9999 -9999 -9999 -9999 -9999 -9999 -9999 -9999 -9999
198 197 198 202 203 198 182 172 187 162 168 184 169 148 162 167 163 190 179 181 200 217 223 209 206 205 206 229 226 240 245 226 242 248 268 270 272 259 258 279 285 302 319 335 339 356 353 362 362 358 356 340 267 241 256 274 267 294 299 249 180 188 139 195 339 294 225 223 152 238 343 160 163 -9999 -9999 -9999 -9999 -9999 -9999 -9999 -9999 -9999 -9999 -9999 -9999 -9999 -9999 -9999 -9999 -9999 -9999 -9999 -9999 -9999 -9999 -9999
186 193 199 197 200 205 209 205 206 212 196 220 186 171 165 176 175 168 159 189 194 200 196 222 220 218 231 219 243 240 242 250 264 243 257 279 265 258 240 253 256 274 280 288 298 310 351 360 360 322 301 268 283 280 278 242 247 256 271 306 272 361 361 145 135 167 279 239 153 317 351 216 -9999 -9999 -9999 -9999 -9999 -9999 -9999 -9999 -9999 -9999 -9999 -9999 -9999 -9999 -9999 -9999 -9999 -9999 -9999 -9999 -9999 -9999 -9999 -9999
185 192 196 194 194 204 203 205 215 214 215 221 223 207 175 185 189 192 164 165 181 179 202 204 221 192 208 230 235 237 251 242 243 232 244 272 285 267 242 240 229 247 253 248 253 304 308 303 292 318 277 251 284 308 332 273 248 252 301 324 347 329 267 256 238 141 261 301 341 374 383 349 -9999 -9999 -9999 -9999 -9999 -9999 -9999 -9999 -9999 -9999 -9999 -9999 -9999 -9999 -9999 -9999 -9999 -9999 -9999 -9999 -9999 -9999 -9999 -9999
185 185 191 169 195 205 206 211 203 206 202 215 217 223 228 197 197 196 166 190 183 165 190 200 195 214 227 228 218 224 211 237 206 218 253 275 279 262 243 227 226 220 226 231 254 252 281 285 275 251 268 274 270 291 305 303 311 268 351 317 324 306 292 249 270 245 140 358 305 307 315 320 314 -9999 -9999 -9999 -9999 -9999 -9999 -9999 -9999 -9999 -9999 -9999 -9999 -9999 -9999 -9999 -9999 -9999 -9999 -9999 -9999 -9999 -9999 -9999
159 187 164 184 196 192 201 195 191 187 193 195 220 220 227 230 224 193 170 195 195 172 169 176 174 203 208 206 219 210 196 207 246 251 253 258 251 280 267 278 267 231 218 213 221 215 243 247 207 227 249 264 261 254 275 256 297 269 301 292 332 311 331 343 141 159 138 243 246 283 339 337 280 346 -9999 -9999 -9999 -9999 -9999 -9999 -9999 -9999 -9999 -9999 -9999 -9999 -9999 -9999 -9999 -9999 -9999 -9999 -9999 -9999 -9999 -9999
185 183 136 161 179 193 185 148 193 207 205 215 215 215 215 222 232 194 196 187 199 185 199 193 194 176 214 191 220 226 230 225 237 243 252 241 266 268 282 285 287 270 240 285 210 205 202 199 226 236 233 227 208 224 250 211 230 264 273 284 294 255 349 353 182 284 323 187 328 275 215 338 280 361 -9999 -9999 -9999 -9999 -9999 -9999 -9999 -9999 -9999 -9999 -9999 -9999 -9999 -9999 -9999 -9999 -9999 -9999 -9999 -9999 -9999 -9999
156 132 174 153 134 160 143 195 206 187 210 210 201 212 216 218 220 224 200 178 197 194 196 219 192 177 192 207 215 230 241 220 234 235 231 241 254 264 248 247 283 283 291 268 249 233 200 192 188 171 192 206 179 207 201 183 228 248 260 270 295 311 274 164 193 222 174 226 316 197 198 222 273 313 -9999 -9999 -9999 -9999 -9999 -9999 -9999 -9999 -9999 -9999 -9999 -9999 -9999 -9999 -9999 -9999 -9999 -9999 -9999 -9999 -9999 -9999
112 115 135 170 182 167 158 184 172 169 171 198 211 186 205 187 221 224 210 185 240 208 188 195 216 185 219 188 192 199 188 233 225 219 251 259 251 235 263 271 248 267 290 278 294 286 198 169 174 170 173 163 173 174 173 176 203 202 213 248 257 256 265 208 187 307 298 201 209 196 196 279 302 -9999 -9999 -9999 -9999 -9999 -9999 342 385 374 330 -9999 -9999 -9999 -9999 -9999 -9999 -9999 -9999 -9999 -9999 -9999 -9999 -9999
157 172 186 166 186 189 186 193 193 206 209 191 163 155 166 176 192 222 227 202 197 248 215 217 212 198 233 213 198 196 196 187 239 237 202 215 212 241 258 263 246 285 253 245 253 264 239 174 167 168 163 157 163 159 163 160 171 179 207 195 193 202 200 223 202 242 270 197 253 244 195 302 382 390 -9999 -9999 -9999 -9999 384 390 378 352 308 -9999 -9999 -9999 -9999 -9999 -9999 -9999 -9999 -9999 -9999 -9999 -9999 -9999
166 174 172 159 178 148 183 161 169 180 153 157 193 206 211 216 221 219 226 227 220 237 255 254 219 208 229 231 196 198 232 213 201 196 226 238 241 236 254 231 267 275 266 226 234 195 182 170 164 166 162 155 154 153 149 149 153 167 182 173 186 167 210 165 182 185 259 217 282 280 187 207 350 386 277 390 353 404 399 405 417 416 389 408 -9999 -9999 -9999 -9999 -9999 -9999 -9999 -9999 -9999 -9999 -9999 -9999
125 124 115 116 130 120 125 158 159 166 175 149 190 200 201 175 170 218 221 230 232 240 245 251 258 257 266 225 220 214 233 226 200 232 222 253 238 256 254 266 217 231 233 228 179 198 195 255 219 240 251 174 154 173 189 155 147 146 151 172 175 155 147 140 189 226 282 235 275 276 217 186 228 344 294 346 383 392 377 363 395 415 408 403 386 -9999 -9999 -9999 -9999 -9999 -9999 -9999 -9999 -9999 -9999 -9999
99 115 132 128 146 171 155 141 138 142 142 135 169 169 144 152 157 200 208 194 228 236 246 247 252 250 245 266 265 237 242 217 228 235 217 244 251 238 201 217 187 202 189 182 216 274 228 258 294 280 266 184 188 236 271 206 169 168 155 142 143 175 150 145 142 228 271 264 289 254 269 188 293 308 298 310 259 343 364 357 345 390 389 390 379 422 414 415 349 358 -9999 -9999 -9999 -9999 -9999 -9999
144 167 170 170 158 147 151 172 192 182 193 196 164 169 145 186 210 209 220 189 232 236 211 234 245 212 225 260 223 265 264 233 239 242 228 222 243 243 207 239 205 250 255 253 208 249 271 267 265 214 228 160 198 263 205 193 155 151 146 143 149 149 144 201 195 234 245 247 255 269 182 183 236 271 260 219 242 312 329 299 323 338 325 333 365 402 404 421 423 349 -9999 -9999 -9999 -9999 -9999 -9999
143 152 170 165 175 174 173 147 173 190 193 193 196 200 194 174 158 181 175 201 191 200 237 246 236 191 211 251 204 222 221 237 234 270 267 255 240 237 236 262 232 262 260 221 277 285 286 233 252 228 165 189 255 259 216 178 193 182 151 153 152 153 155 148 146 146 187 217 216 214 221 209 169 223 190 212 211 271 280 297 288 276 322 342 349 377 401 403 410 420 423 -9999 -9999 -9999 -9999 -9999
156 163 158 160 153 151 162 182 176 179 186 195 192 193 199 189 201 194 213 214 222 216 217 242 226 186 232 188 212 261 226 212 263 214 247 237 282 251 257 269 232 238 282 282 299 294 300 254 207 217 190 257 268 241 191 252 213 168 184 208 153 175 158 146 165 145 145 167 204 211 230 227 166 172 194 171 213 225 245 271 273 266 293 291 318 341 346 375 375 399 396 389 -9999 -9999 -9999 -9999
150 151 143 136 150 169 172 170 168 186 181 173 175 193 198 210 211 210 203 170 169 181 198 234 225 179 204 224 228 219 218 236 244 221 209 245 252 256 244 259 255 270 275 280 252 271 278 206 176 192 254 268 212 239 249 262 175 179 220 194 178 213 175 152 158 144 145 159 212 170 177 179 185 193 192 149 149 184 203 225 257 223 253 262 277 305 277 337 312 357 362 367 -9999 -9999 -9999 -9999
132 145 148 125 143 144 150 141 179 139 165 185 188 172 183 200 170 203 189 162 211 214 229 217 235 182 191 178 186 180 219 220 216 226 198 223 235 208 217 207 203 219 231 250 253 228 262 180 230 189 292 244 273 260 239 241 228 206 216 188 208 167 162 192 194 146 146 159 184 167 169 156 171 191 186 157 150 157 183 243 286 237 230 304 256 269 272 252 310 313 323 282 -9999 278 241 -9999
89 92 93 96 99 99 104 131 140 150 176 170 145 185 190 176 155 174 183 167 184 218 213 190 189 162 172 189 202 214 240 200 212 211 180 210 204 201 203 183 189 240 236 225 207 238 206 199 266 273 271 303 275 226 233 247 258 251 227 229 179 158 161 183 159 149 146 158 217 246 172 153 167 182 149 160 150 162 211 240 258 258 232 254 254 239 241 303 271 271 252 311 296 273 299 -9999
139 140 130 124 120 134 139 102 116 152 134 159 170 176 150 127 128 128 134 153 169 167 153 148 156 180 205 244 242 221 210 179 201 176 198 210 199 181 177 169 167 202 215 221 225 195 243 194 233 213 239 294 304 299 238 282 241 247 252 259 184 158 213 173 160 177 147 154 170 210 219 183 155 161 149 150 154 154 153 203 186 236 225 250 266 264 239 219 213 223 267 256 269 231 229 -9999
129 133 140 141 143 143 135 152 107 107 138 150 161 134 122 181 184 186 184 175 168 173 168 198 182 241 209 215 188 192 193 168 174 190 205 169 163 178 169 169 146 152 196 209 204 224 213 256 250 268 258 302 283 284 277 227 277 202 218 196 191 171 190 178 168 184 153 148 162 159 148 150 149 149 148 148 162 158 152 155 206 218 200 235 232 248 227 249 187 220 225 226 261 254 247 243
124 121 138 138 132 141 135 129 150 131 112 108 115 141 139 151 156 177 174 195 198 201 213 216 216 213 183 178 165 166 158 184 192 188 152 147 148 177 160 167 162 148 198 217 200 223 211 238 251 271 274 278 263 233 248 261 248 283 186 162 172 198 214 198 183 175 162 252 167 150 150 148 166 228 240 178 214 170 155 153 159 183 190 169 167 171 199 194 185 171 192 205 203 227 193 228
94 128 136 110 138 143 144 142 146 151 159 122 133 119 154 162 179 185 180 174 201 197 190 197 196 170 162 154 153 169 175 175 182 151 160 175 206 156 163 129 150 156 174 208 214 211 232 237 242 247 219 256 257 257 251 273 256 180 164 221 256 306 221 284 253 252 235 260 295 263 164 149 177 288 234 251 231 183 196 154 153 162 161 157 169 164 179 161 171 163 171 177 192 216 204 196
96 105 98 132 136 137 141 146 144 149 148 151 153 141 124 126 167 142 172 183 185 165 188 161 145 156 155 177 184 164 145 155 162 175 152 188 196 201 127 150 229 185 185 186 218 209 225 209 209 231 223 243 234 232 263 251 223 172 251 270 309 288 229 196 201 187 239 283 252 211 203 150 190 225 228 295 327 245 186 167 155 154 154 155 156 156 155 159 158 157 159 160 162 224 184 200
105 106 101 129 130 137 140 142 148 140 146 151 144 148 146 157 123 150 176 178 155 159 135 150 148 201 187 188 176 174 148 142 178 136 124 166 185 186 190 223 182 229 175 222 252 225 217 208 199 195 203 216 202 225 235 243 225 206 229 268 296 266 293 240 244 189 252 268 221 297 176 183 179 154 156 261 307 311 258 164 229 157 154 155 155 154 158 159 174 204 176 160 159 198 206 197
93 102 113 119 130 131 130 141 146 146 138 146 143 117 133 151 161 151 129 163 134 149 153 175 194 202 200 218 178 144 141 122 157 138 115 141 163 155 185 199 182 196 204 216 202 216 261 201 199 194 210 205 198 189 197 214 212 195 219 258 279 259 304 296 280 256 294 267 258 235 185 163 154 184 154 278 276 298 194 174 275 195 169 155 155 155 178 207 254 206 186 173 160 170 175 182
91 102 95 95 106 127 128 134 137 140 136 133 138 157 145 146 162 166 154 135 152 160 178 188 193 206 197 150 177 149 153 114 130 139 117 132 146 124 172 165 195 184 214 182 230 217 249 230 204 197 191 184 185 182 191 187 174 198 212 230 261 264 274 290 261 301 219 281 279 237 215 165 187 155 232 301 287 189 263 298 256 174 205 192 179 155 160 266 242 199 193 181 162 163 165 196
90 97 84 97 113 116 120 119 125 122 124 118 112 116 133 156 170 146 156 156 167 172 175 166 185 199 141 142 149 125 110 119 108 145 137 132 112 112 157 168 165 176 178 158 202 208 216 237 221 224 266 198 215 198 199 200 210 191 199 215 227 233 235 265 213 282 197 259 263 268 238 166 207 202 243 292 256 281 290 263 180 172 289 228 194 155 160 191 267 261 217 229 179 163 164 176
92 108 99 100 92 100 100 112 122 131 116 104 108 131 144 161 139 129 145 148 144 159 165 170 180 152 128 157 122 120 106 100 112 100 106 108 103 130 146 151 159 138 164 194 176 177 193 202 222 226 238 231 251 235 264 285 290 259 212 218 220 223 227 242 224 185 204 248 224 258 272 159 187 201 249 254 318 300 256 232 192 288 294 274 174 155 159 237 301 312 224 202 204 162 163 163
82 105 113 106 121 122 106 126 127 123 116 104 137 142 158 138 134 142 111 141 126 138 154 157 160 167 121 191 160 142 125 100 93 100 113 99 107 123 127 138 155 123 161 176 188 189 193 203 213 191 203 212 238 219 241 262 244 278 242 219 199 199 210 208 194 190 172 190 220 251 240 169 159 274 242 265 285 294 251 256 226 266 294 285 240 161 158 158 186 262 301 204 229 195 181 166
74 78 78 82 83 107 88 125 110 92 126 131 126 151 147 145 146 132 121 143 158 139 140 136 148 133 165 152 170 165 174 140 121 89 92 89 92 103 114 115 137 117 126 137 170 167 191 191 205 213 175 222 230 189 230 222 223 255 267 262 199 201 208 206 207 210 204 164 214 213 222 168 159 172 256 271 285 270 298 256 205 251 306 232 221 182 159 158 159 170 243 252 240 304 237 180
72 74 90 99 105 109 107 88 100 112 118 134 136 121 133 132 120 105 138 128 148 119 133 149 140 118 158 141 167 179 113 100 94 88 84 90 94 99 99 124 126 118 127 139 153 156 171 181 186 195 198 209 176 224 220 221 209 234 247 220 259 193 197 214 196 177 172 163 160 160 174 171 158 159 180 211 253 273 278 284 208 294 309 291 265 163 188 169 167 166 183 317 328 339 239 222
72 76 76 87 94 96 114 98 97 108 116 114 121 106 131 123 94 113 124 132 102 124 153 128 115 134 114 139 155 160 150 135 107 83 94 147 107 98 92 95 114 103 121 130 134 137 139 144 164 176 190 162 197 219 180 223 234 231 240 235 238 205 221 255 216 200 188 162 159 159 159 186 179 176 189 183 223 252 261 274 280 287 281 221 285 165 168 189 216 184 195 267 267 294 318 314
74 74 76 85 92 96 113 106 106 119 111 103 115 118 129 123 92 132 130 93 122 149 152 135 103 117 111 125 142 134 136 141 93 81 96 141 118 95 95 92 90 96 106 117 112 124 128 131 146 161 172 176 186 206 207 164 226 233 246 255 231 233 218 230 191 285 224 168 163 159 160 159 159 187 196 199 212 209 250 255 258 274 280 282 187 197 275 271 210 170 264 175 196 285 295 310
73 73 74 80 91 93 107 116 126 108 108 99 99 116 121 117 89 130 116 102 145 112 143 148 123 95 123 120 143 128 136 104 91 80 139 103 106 97 82 88 86 84 93 100 94 104 110 115 136 151 172 143 177 195 199 160 169 221 223 234 239 233 183 206 239 243 263 180 171 166 159 159 159 164 175 180 204 210 218 244 230 242 254 250 172 274 291 290 162 236 220 198 191 270 296 296
78 74 74 76 80 84 91 103 120 103 97 95 90 85 104 83 117 117 87 109 131 98 126 146 133 86 121 100 117 146 118 121 87 85 100 84 79 79 82 84 84 85 92 87 97 100 107 114 125 155 162 145 161 158 176 190 181 171 217 231 223 224 250 192 190 221 225 218 214 173 159 159 160 179 197 202 201 219 232 244 221 207 236 221 250 266 276 272 166 162 165 210 174 227 283 298
80 93 76 82 82 81 86 103 112 102 100 96 97 85 86 81 110 100 113 130 93 119 152 126 113 86 82 125 131 125 107 120 95 86 81 76 82 86 87 91 91 87 88 87 88 98 104 105 119 134 138 129 147 164 175 174 173 185 204 202 222 199 239 243 184 180 224 197 170 165 160 160 165 199 267 232 336 326 249 227 231 204 185 184 226 247 244 247 218 232 171 186 178 165 163 225
89 85 80 79 83 86 88 93 106 115 105 95 98 98 79 89 79 97 126 83 116 97 109 132 128 102 78 111 109 136 110 89 99 74 80 94 126 109 95 92 85 86 96 90 97 99 99 102 121 132 143 112 143 146 166 176 163 140 198 202 195 213 180 224 233 204 198 181 193 190 164 161 173 199 216 284 261 311 259 233 219 205 199 206 214 212 191 184 176 162 170 163 177 205 176 175
89 85 86 85 87 94 90 96 108 124 103 108 94 94 104 106 99 99 118 83 105 126 131 126 129 119 91 97 119 117 111 77 74 73 94 124 105 103 91 97 92 96 93 99 99 98 123 96 98 118 115 127 104 152 154 161 161 165 193 192 181 206 204 214 213 223 186 189 171 170 161 163 188 175 205 238 258 277 261 231 206 199 189 194 212 194 186 187 219 222 165 199 249 257 180 164
94 86 99 94 94 103 100 94 103 128 127 107 115 101 91 93 74 73 105 105 131 114 134 101 120 96 108 93 103 92 77 68 112 123 134 118 99 91 92 120 106 145 93 87 81 82 86 91 98 86 117 129 98 124 132 150 156 117 178 184 169 185 195 154 191 217 197 175 179 162 161 207 269 217 210 199 259 242 219 200 207 196 194 207 216 202 194 194 206 180 204 239 190 188 177 164
99 94 100 109 101 103 116 109 109 126 123 117 96 84 87 96 93 89 72 110 93 132 129 111 111 80 100 68 70 69 68 69 73 85 88 89 85 101 107 117 146 105 96 91 83 79 81 84 84 89 114 115 106 115 111 135 146 144 167 158 174 191 174 182 169 177 187 200 195 163 194 233 201 190 193 207 240 204 210 205 210 220 200 189 196 184 181 173 197 165 198 210 185 175 169 164
107 96 99 111 111 109 115 114 114 106 99 92 97 94 111 121 125 102 81 77 108 112 92 95 63 64 66 68 68 69 88 102 68 70 70 74 118 86 115 118 106 88 85 79 85 84 82 77 79 84 86 97 89 110 124 107 120 138 152 143 177 190 156 161 190 165 173 162 163 163 182 183 179 212 225 207 223 205 209 225 265 228 202 188 186 186 186 170 188 170 197 211 190 183 171 165
104 92 88 85 97 91 110 115 112 110 109 94 94 106 120 118 105 94 87 90 86 78 118 97 64 64 71 112 106 95 95 117 77 99 68 70 69 72 79 88 105 84 76 76 77 78 78 78 79 79 81 84 85 101 105 117 122 136 143 150 150 162 143 173 190 171 179 173 179 164 164 198 214 204 221 192 198 191 241 266 218 243 230 187 183 177 179 174 181 187 202 213 213 193 169 165
102 94 86 82 81 100 101 104 99 110 99 94 104 106 106 94 101 96 70 89 66 86 92 63 63 82 105 115 112 104 131 115 104 113 116 85 72 74 75 72 74 74 74 75 76 79 79 78 102 80 80 81 83 84 86 94 106 102 122 138 105 143 166 155 174 178 179 174 164 183 164 164 197 210 172 174 178 196 225 199 221 236 270 201 187 187 181 179 186 202 204 192 220 182 192 167
92 91 96 82 78 91 82 100 88 102 99 101 113 108 107 109 96 101 79 66 62 62 63 64 90 94 106 129 122 129 118 114 130 133 105 96 80 90 98 73 74 74 74 75 78 78 80 85 84 82 89 80 84 83 83 84 102 113 84 115 134 154 161 190 190 184 180 176 180 198 198 164 167 188 197 239 224 195 188 199 276 300 221 246 211 235 197 239 194 190 196 200 180 198 204 167
